{"Dummy_Fight_Ctrl_RightFootEffector": {"matrix": [0.9844249294385955, 0.10354795427023733, -0.14207525986696348, 0.0, -0.11067055838572414, 0.992919523073071, -0.043160725282798545, 0.0, 0.13660009445973448, 0.058212042283311276, 0.9889144413581983, 0.0, 20.79187774658203, 3.612133264541626, 37.251678466796875, 1.0]}, "Dummy_Fight_Ctrl_LeftShoulderEffector": {"matrix": [0.5276391692246348, -0.8466735799363152, 0.06885314907656212, 0.0, 0.7683889803778594, 0.5102654757479517, 0.38627389129164513, 0.0, -0.3621812832461253, -0.15090723407954643, 0.9198107005078007, 0.0, 42.50535202026367, 133.671875, 30.06334686279297, 1.0]}, "Dummy_Fight_Ctrl_RightShoulderEffector": {"matrix": [-0.2316682080749334, 0.6872307707341685, -0.6885083217532446, 0.0, -0.09903911563046089, 0.6874233300772477, 0.7194723197181693, 0.0, 0.9677402001273302, 0.234868118359278, -0.09119140330034735, 0.0, 13.53886890411377, 129.99192810058594, 36.14292907714844, 1.0]}, "Dummy_Fight_Ctrl_HeadEffector": {"matrix": [0.45502819521968285, 0.16284485037417024, -0.8754603910296178, 0.0, 0.053480599401303966, 0.9763640989149103, 0.2094110117394792, 0.0, 0.8888696006967475, -0.14210806119530703, 0.4355641535991176, 0.0, 26.25959587097168, 145.41246032714844, 33.61439514160156, 1.0]}, "Dummy_Fight_Ctrl_LeftHipEffector": {"matrix": [0.7312673947086189, 0.2633961569856541, -0.6291823757236508, 0.0, -0.5639481618458121, 0.7523483355175685, -0.3404914871104322, 0.0, 0.38368016392145987, 0.6038165669548432, 0.698709585796609, 0.0, 43.50124740600586, 81.17876434326172, 26.046131134033203, 1.0]}, "Dummy_Fight_Ctrl_RightHipEffector": {"matrix": [0.9940161595636882, -0.08507991586436936, -0.06850753566410181, 0.0, 0.048112950425600515, 0.9040690564827042, -0.42466961877654585, 0.0, 0.09806639856546208, 0.4188323638724507, 0.9027526972795014, 0.0, 25.147981643676758, 79.88348388671875, 31.126375198364258, 1.0]}, "Dummy_Fight_Ctrl_RightLeg": {"matrix": [0.9940195787630657, -0.08523262789302463, -0.06826768033371942, 0.0, 0.10831796575796837, 0.8489407831511854, 0.5172685617710664, 0.0, 0.013867059160229192, -0.5215696941398158, 0.8530959845323067, 0.0, 23.104413978804146, 41.48369583565781, 49.163959429935815, 1.0]}, "Dummy_Fight_Ctrl_RightFoot": {"matrix": [0.9844033836496603, 0.1036241314674306, -0.14216897564771563, 0.0, -0.12402108146732402, 0.9819147644046121, -0.14304603033957353, 0.0, 0.12477479557496972, 0.15844694639485934, 0.9794517933861622, 0.0, 18.564952302580902, 7.919558227353441, 24.9716311741905, 1.0]}, "Dummy_Fight_Ctrl_RightToeBase": {"matrix": [0.9844249265419343, 0.1035479697520098, -0.14207526865413467, 0.0, -0.11067057710478473, 0.9929195201741268, -0.04316074397500089, 0.0, 0.13660010016907592, 0.058212064191355814, 0.9889144392799512, 0.0, 20.791870036521146, 3.6121341120660215, 37.251678901768685, 1.0]}, "Dummy_Fight_Ctrl_Spine": {"matrix": [0.9594072953904621, 0.09134453148683584, -0.2668216972418273, 0.0, -0.10991286472224548, 0.9923919663441334, -0.05547384342348868, 0.0, 0.25972447655180336, 0.08254914719774414, 0.9621480315298768, 0.0, 33.13850456176759, 95.38957338356843, 28.0896829091368, 1.0]}, "Dummy_Fight_Ctrl_Spine1": {"matrix": [0.9543415640214835, 0.13819251418753642, -0.2648301497253601, 0.0, -0.1327719573980183, 0.9904043414822424, 0.03835163232281834, 0.0, 0.2675888385372751, -0.001438539416689033, 0.9635321188702629, 0.0, 32.30118371808369, 102.45073711095031, 27.496279017249442, 1.0]}, "Dummy_Fight_Ctrl_Spine2": {"matrix": [0.9482436663378594, 0.18451994554009907, -0.2584305302165626, 0.0, -0.1546237192116174, 0.9791477317547027, 0.13176200080746972, 0.0, 0.2773543846909612, -0.08498299298977191, 0.9570017952936131, 0.0, 31.226798052232397, 109.71503911526165, 27.415250709333232, 1.0]}, "Dummy_Fight_Ctrl_Spine3": {"matrix": [0.9411704758485945, 0.22989418488776406, -0.24768286001603154, 0.0, -0.1752639840408277, 0.9587272512071546, 0.2238852243693407, 0.0, 0.28893021871910013, -0.16730427833012546, 0.9426179539789006, 0.0, 29.02842844531624, 123.33523388103364, 29.07375266743674, 1.0]}, "Dummy_Fight_Ctrl_LeftShoulder": {"matrix": [0.9919739123827749, 0.11025504333019334, 0.06189977845088193, 0.0, -0.11899961421795899, 0.9795433864890783, 0.16227706492750388, 0.0, -0.04274165378162209, -0.1683406647419617, 0.9848017930661206, 0.0, 30.875763498182863, 130.88411934978726, 28.397763963454903, 1.0]}, "Dummy_Fight_Ctrl_LeftArm": {"matrix": [0.5276391809998138, -0.8466735727339323, 0.06885314740667124, 0.0, 0.7683890112310235, 0.5102655014847468, 0.3862737959193324, 0.0, -0.36218120063478737, -0.15090718746460977, 0.919810740684335, 0.0, 42.50535289350117, 133.67187416900964, 30.063346235479475, 1.0]}, "Dummy_Fight_Ctrl_LeftForeArm": {"matrix": [0.32157715445400825, -0.8296801241917371, 0.45631022918015635, 0.0, 0.7683890677639522, 0.5102654025707496, 0.3862738141269163, 0.0, -0.5533230288665995, 0.2264069576238655, 0.8016068333449994, 0.0, 58.578025469569766, 108.83625956616675, 30.898744222205924, 1.0]}, "Dummy_Fight_Ctrl_LeftHand": {"matrix": [0.004681058776236827, -0.996336459311385, 0.08539172990159086, 0.0, 0.9409376619703628, 0.0332983337190692, 0.33693847696171647, 0.0, -0.3385474914609192, 0.07877106587057409, 0.9376463700175737, 0.0, 66.9878087236865, 86.66097945041301, 43.46312871621136, 1.0]}, "Dummy_Fight_Ctrl_LeftFingerBase": {"matrix": [0.004680593740632642, -0.9963364732889524, 0.08539159230491072, 0.0, 0.9409376642377411, 0.03329785109711213, 0.33693851832513716, 0.0, -0.33854749158878655, 0.07877109308907347, 0.9376463676847968, 0.0, 67.77088088207195, 78.58388535494998, 44.424416953133694, 1.0]}, "Dummy_Fight_Ctrl_LeftHandIndex1": {"matrix": [0.004680606338835503, -0.9963364756927019, 0.08539156356776281, 0.0, 0.9409376491906146, 0.033297856679673034, 0.3369385597941857, 0.0, -0.3385475332356463, 0.07877106032539088, 0.9376463554001971, 0.0, 66.67412617803316, 77.08522952779447, 47.42900304231688, 1.0]}, "Dummy_Fight_Ctrl_LeftHandIndex2": {"matrix": [0.004680593919585796, -0.9963364732170578, 0.0853915931339576, 0.0, 0.9409376614177608, 0.033297852201223624, 0.3369385260911267, 0.0, -0.3385474994239884, 0.07877109353170664, 0.937646364818626, 0.0, 66.43139966469217, 73.35348196726954, 47.85171920002617, 1.0]}, "Dummy_Fight_Ctrl_LeftHandIndex3": {"matrix": [0.004680593321854445, -0.9963364727437765, 0.08539159868889795, 0.0, 0.9409376523428242, 0.03329785563143014, 0.3369385510948888, 0.0, -0.33854752465456023, 0.07877109806800216, 0.9376463553277596, 0.0, 66.13753141878335, 70.00629617732346, 48.20358343912617, 1.0]}, "Dummy_Fight_Ctrl_LeftHandIndex4": {"matrix": [0.004680593321854645, -0.9963364727437765, 0.08539159868889805, 0.0, 0.9409376523428241, 0.03329785563143038, 0.33693855109488907, 0.0, -0.3385475246545605, 0.07877109806800217, 0.9376463553277595, 0.0, 65.62087218453236, 67.46869945851165, 48.36419250983245, 1.0]}, "Dummy_Fight_Ctrl_LeftHandMiddle1": {"matrix": [0.004680764375848165, -0.9963364730226798, 0.08539158605849075, 0.0, 0.9409376622756792, 0.033298009261837146, 0.3369385081737892, 0.0, -0.3385474946828552, 0.07877102959797744, 0.9376463719014951, 0.0, 67.71603731541283, 76.7548195138497, 45.08679398771605, 1.0]}, "Dummy_Fight_Ctrl_LeftHandMiddle2": {"matrix": [-0.004614433741307584, -0.9966167929247298, 0.08205897307225658, 0.0, 0.940937999464609, 0.02345415045888758, 0.3377655754954779, 0.0, -0.33854746811161757, 0.07877100282894783, 0.9376463837441785, 0.0, 67.53192820976415, 72.97685179080183, 45.33770385940855, 1.0]}, "Dummy_Fight_Ctrl_LeftHandMiddle3": {"matrix": [-0.004614591388724225, -0.9966167879404406, 0.08205902474191257, 0.0, 0.9409379923967713, 0.023454021638087765, 0.33776560413004403, 0.0, -0.33854748560674425, 0.07877110424691791, 0.9376463689073149, 0.0, 67.36030522954992, 69.45504546102485, 45.57160194161393, 1.0]}, "Dummy_Fight_Ctrl_LeftHandMiddle4": {"matrix": [-0.0046145913887242354, -0.9966167879404406, 0.0820590247419126, 0.0, 0.9409379923967713, 0.023454021638087765, 0.33776560413004403, 0.0, -0.33854748560674425, 0.07877110424691794, 0.9376463689073149, 0.0, 66.7262884995451, 66.79442037485809, 45.56620076488113, 1.0]}, "Dummy_Fight_Ctrl_LeftHandThumb4": {"matrix": [0.004680365889971029, -0.9963364797012612, 0.08539152997595639, 0.0, 0.9409376703556657, 0.03329761518555823, 0.33693852455397166, 0.0, -0.3385474777350866, 0.07877111170634282, 0.9376463711228015, 0.0, 62.140771472710554, 75.40715142811945, 49.264442538424994, 1.0]}, "Dummy_Fight_Ctrl_RightShoulder": {"matrix": [0.9029798995191918, 0.059767335611361896, -0.4255057774675091, 0.0, 0.009743497179704491, 0.9871760715548936, 0.15933759133411357, 0.0, 0.4295723051210584, -0.14802455655521063, 0.8908178070344203, 0.0, 24.021222737094263, 129.2094350946417, 30.20156812345276, 1.0]}, "Dummy_Fight_Ctrl_RightArm": {"matrix": [-0.23166818761493904, 0.6872307729784696, -0.6885083263974552, 0.0, -0.09903913178622134, 0.6874233289999572, 0.719472318523547, 0.0, 0.9677402033718766, 0.23486811494545648, -0.0911913776610867, 0.0, 13.5388694328693, 129.99192701150437, 36.14292740941421, 1.0]}, "Dummy_Fight_Ctrl_RightForeArm": {"matrix": [-0.8591783938539261, -0.42382646088081466, 0.2866768539520268, 0.0, -0.09903897757465559, 0.6874233575066229, 0.7194723125147269, 0.0, -0.5019997693779902, 0.5897628833790455, -0.6325946355549338, 0.0, 19.125479791036653, 109.36691034348813, 56.61822615105159, 1.0]}, "Dummy_Fight_Ctrl_RightHand": {"matrix": [-0.5109155818319058, -0.8570091891032033, 0.06708590041160326, 0.0, 0.0304998135381801, 0.05991915484408339, 0.9977371679239512, 0.0, -0.8590896516752498, 0.5118055731187783, -0.0044750093918862754, 0.0, 41.982729545244815, 120.97528301424539, 48.67336465844511, 1.0]}, "Dummy_Fight_Ctrl_RightFingerBase": {"matrix": [-0.5109154866107353, -0.8570092485693392, 0.06708586593264416, 0.0, 0.030499426854134423, 0.05991934449420665, 0.9977371683549499, 0.0, -0.8590897220330863, 0.5118054513406455, -0.004475430159596596, 0.0, 46.1623152601535, 127.99305202403502, 48.917934894390704, 1.0]}, "Dummy_Fight_Ctrl_RightHandIndex1": {"matrix": [-0.5109154682465097, -0.8570092223352972, 0.06708634092495601, 0.0, 0.03050028246442575, 0.05991938764017329, 0.9977371396086328, 0.0, -0.8590897025782818, 0.511805490217794, -0.004474718637378835, 0.0, 44.41371812151246, 131.05555317540623, 48.71831108419969, 1.0]}, "Dummy_Fight_Ctrl_RightHandIndex2": {"matrix": [-0.510915569418685, -0.8570091624221933, 0.06708633579196384, 0.0, 0.03050019101613506, 0.059919436758439554, 0.9977371394543404, 0.0, -0.8590896456561217, 0.511805584790712, -0.004474829994230208, 0.0, 46.16618066473296, 134.35374005120303, 48.255188627081694, 1.0]}, "Dummy_Fight_Ctrl_LeftElbowEffector": {"matrix": [0.3215770904950683, -0.8296801191205476, 0.4563102834747877, 0.0, 0.7683889904082766, 0.5102654163619827, 0.386273949787301, 0.0, -0.5533231734602087, 0.2264069451254681, 0.8016067370667965, 0.0, 58.57802200317383, 108.83625793457031, 30.898744583129883, 1.0]}, "Dummy_Fight_Ctrl_RightElbowEffector": {"matrix": [-0.8591783769362171, -0.42382649376720904, 0.2866768560352273, 0.0, -0.09903908460939048, 0.6874234506001885, 0.7194722088341315, 0.0, -0.5019997772160686, 0.589762751236397, -0.6325947525304757, 0.0, 19.12548065185547, 109.36691284179688, 56.618228912353516, 1.0]}, "Dummy_Fight_Ctrl_ChestOriginEffector": {"matrix": [0.9594072902258323, 0.09134453635071817, -0.2668217141471019, 0.0, -0.1099128715078331, 0.9923919655399529, -0.055473844365174385, 0.0, 0.25972449275805315, 0.08254915148335171, 0.9621480267874328, 0.0, 33.13850402832031, 95.38957214355469, 28.089683532714844, 1.0]}, "Dummy_Fight_Ctrl_ChestEndEffector": {"matrix": [0.941170476471953, 0.22989418305382772, -0.24768285934955198, 0.0, -0.17526398103866808, 0.9587272508002184, 0.223885228462113, 0.0, 0.2889302185096502, -0.16730428318207602, 0.9426179531819334, 0.0, 27.44849395751953, 130.04678344726562, 29.299667358398438, 1.0]}, "Dummy_Fight_Ctrl_RightHandIndex3": {"matrix": [-0.5109154916850188, -0.8570092083207693, 0.06708634145386143, 0.0, 0.030500304797601185, 0.05991937509299711, 0.9977371396794436, 0.0, -0.8590896878461, 0.5118055151538263, -0.004474694918963325, 0.0, 47.73409463926824, 137.30508460424605, 47.760407234388005, 1.0]}, "Dummy_Fight_Ctrl_RightHandIndex4": {"matrix": [-0.510915588277556, -0.8570091481991621, 0.0670863738619555, 0.0, 0.030500320321088625, 0.059919404160329814, 0.9977371374592514, 0.0, -0.8590896298497093, 0.5118056124233286, -0.004474704087637782, 0.0, 48.840657513253646, 139.3882192361109, 47.113449411116996, 1.0]}, "Dummy_Fight_Ctrl_RightHandMiddle1": {"matrix": [-0.5109154681200867, -0.8570092175233117, 0.06708640335950534, 0.0, 0.030500217527398545, 0.05991949901266455, 0.9977371349052075, 0.0, -0.859089704958926, 0.5118054852364843, -0.004474831330129959, 0.0, 46.699818838577265, 129.86340248712602, 48.90043927037189, 1.0]}, "Dummy_Fight_Ctrl_RightHandMiddle2": {"matrix": [-0.5105836083148388, -0.8563643658118845, 0.07710027164549235, 0.0, 0.03562837285123081, 0.06852075544179055, 0.9970133023794917, 0.0, -0.8590896332561425, 0.5118056066919315, -0.004474705636274413, 0.0, 48.62692193694333, 133.09404058830077, 48.43201240668139, 1.0]}, "Dummy_Fight_Ctrl_RightHandMiddle3": {"matrix": [-0.5105837416525426, -0.8563642804789436, 0.07710033644460523, 0.0, 0.035628372617519964, 0.06852083183130273, 0.9970132971378934, 0.0, -0.859089554019089, 0.5118057392457888, -0.004474757016333005, 0.0, 50.423301727168905, 136.10553041755958, 47.99536333474978, 1.0]}, "Dummy_Fight_Ctrl_RightHandMiddle4": {"matrix": [-0.5105836452474629, -0.8563643379126146, 0.0771003369467525, 0.0, 0.03562827696811075, 0.06852088881477332, 0.9970132966396772, 0.0, -0.8590896152824203, 0.5118056355175503, -0.00447485936987965, 0.0, 51.76969255004856, 138.35787643945372, 47.122316870778924, 1.0]}, "Dummy_Fight_Ctrl_RightHandRing1": {"matrix": [-0.5109155242166998, -0.8570091818923591, 0.0670864313148711, 0.0, 0.030500230347994824, 0.059919524260795616, 0.9977371329970028, 0.0, -0.8590896711421311, 0.5118055419439596, -0.004474837690456103, 0.0, 48.957532430349495, 128.61010430356083, 48.60700187554545, 1.0]}, "Dummy_Fight_Ctrl_RightHandRing2": {"matrix": [-0.5107941813038397, -0.8567554655952436, 0.07112929437874657, 0.0, 0.03263405536657017, 0.06335431411673692, 0.9974573922294272, 0.0, -0.8590834201499133, 0.5118166693802344, -0.004401609711478141, 0.0, 50.64303250192845, 131.31842728124292, 48.048053343929844, 1.0]}, "Dummy_Fight_Ctrl_RightHandRing3": {"matrix": [-0.5107942599273022, -0.8567554121439185, 0.07112937359083744, 0.0, 0.0326341403146591, 0.06335435619696064, 0.9974573867773959, 0.0, -0.8590833701750044, 0.5118167536462381, -0.004401565151548975, 0.0, 52.186217312595375, 133.79806871091097, 47.53630202605416, 1.0]}, "Dummy_Fight_Ctrl_RightHandRing4": {"matrix": [-0.5107942599273022, -0.8567554121439185, 0.07112937359083744, 0.0, 0.0326341403146591, 0.06335435619696064, 0.9974573867773959, 0.0, -0.8590833701750044, 0.5118167536462381, -0.004401565151548975, 0.0, 53.50353998060582, 135.91070603868133, 46.81796825899116, 1.0]}, "Dummy_Fight_Ctrl_RightHandPinky1": {"matrix": [-0.5109155702369997, -0.8570091611787506, 0.06708634544448194, 0.0, 0.030500148347882453, 0.05991947342070008, 0.9977371385569161, 0.0, -0.8590896466843022, 0.5118055825806134, -0.004474885379591529, 0.0, 50.72957771155277, 127.1321018963467, 47.794677070532344, 1.0]}, "Dummy_Fight_Ctrl_RightHandPinky2": {"matrix": [-0.510915479127815, -0.857009204175938, 0.06708649003578547, 0.0, 0.030500279464479398, 0.059919563089432894, 0.997737129163669, 0.0, -0.8590896962134889, 0.5118055000846492, -0.004474812053969748, 0.0, 52.38420811783369, 129.63558476339531, 47.2830479180926, 1.0]}, "Dummy_Fight_Ctrl_RightHandPinky3": {"matrix": [-0.5109154798731026, -0.8570092064508599, 0.06708645529841044, 0.0, 0.030500260369508706, 0.05991953402830743, 0.9977371314926705, 0.0, -0.8590896964481823, 0.5118054996776598, -0.004474813546028122, 0.0, 53.792440085339834, 131.76555316735153, 46.816415575709314, 1.0]}, "Dummy_Fight_Ctrl_RightHandPinky4": {"matrix": [-0.5109154798731026, -0.8570092064508599, 0.06708645529841047, 0.0, 0.03050026036950872, 0.05991953402830745, 0.9977371314926705, 0.0, -0.8590896964481823, 0.5118054996776598, -0.00447481354602812, 0.0, 54.86589666471129, 133.38357784563817, 46.20621680964044, 1.0]}, "Dummy_Fight_Ctrl_RightHandThumb1": {"matrix": [-0.5109157270481687, -0.8570090718918382, 0.06708629181831281, 0.0, 0.030500258407317883, 0.05991934637129038, 0.9977371428224591, 0.0, -0.859089549518517, 0.5118057469641465, -0.004474738265422123, 0.0, 40.52836451861753, 124.3723834116877, 48.32137329571894, 1.0]}, "Dummy_Fight_Ctrl_RightHandThumb2": {"matrix": [-0.5109157963425126, -0.8570090328080847, 0.06708626337073892, 0.0, 0.030500231877563042, 0.05991932947778829, 0.9977371446480016, 0.0, -0.8590895092498289, 0.5118058143869452, -0.00447475771464096, 0.0, 40.29932440204418, 127.65316013996964, 47.16515621057984, 1.0]}, "Dummy_Fight_Ctrl_RightHandThumb3": {"matrix": [-0.5109157418489068, -0.8570090608096753, 0.06708632067046488, 0.0, 0.030500145747705442, 0.059919447168338615, 0.9977371402129969, 0.0, -0.8590895447160039, 0.5118057537202564, -0.0044748875393888264, 0.0, 41.17632124872023, 131.54824811950496, 45.772868194286005, 1.0]}, "Dummy_Fight_Ctrl_RightHandThumb4": {"matrix": [-0.5109157436736529, -0.8570090643945032, 0.06708626097836555, 0.0, 0.0305001165735974, 0.05991939506594341, 0.997737144233855, 0.0, -0.8590895446665592, 0.5118057538173935, -0.004474885921929871, 0.0, 42.49782984192795, 133.90467702041934, 44.916010987139444, 1.0]}, "Dummy_Fight_Ctrl_Neck": {"matrix": [0.7691080167040873, 0.22598215842555086, -0.5978335242480424, 0.0, -0.08615589539488934, 0.9635239029448839, 0.2533749201135799, 0.0, 0.633285101932937, -0.14336579971243973, 0.760523653243344, 0.0, 26.191612470622225, 135.85403962072638, 29.91383179315337, 1.0]}, "Dummy_Fight_Ctrl_Head": {"matrix": [0.4550281464529376, 0.1628448781920082, -0.875460411202148, 0.0, 0.05348060907166168, 0.9763640925797575, 0.20941103880700956, 0.0, 0.8888696250794761, -0.1421080728443561, 0.4355641000398621, 0.0, 26.259596313587405, 145.41246178836653, 33.61439340685593, 1.0]}, "Dummy_Fight_Ctrl_Reference": {"matrix": [1.0, 0.0, 0.0, 0.0, 0.0, 1.0, 0.0, 0.0, 0.0, 0.0, 1.0, 0.0, 0.0, 0.0, 0.0, 1.0]}, "Dummy_Fight_Ctrl_HipsEffector": {"matrix": [0.9615379080957711, 0.0678618953247071, -0.2661571236276547, 0.0, -0.0981719061382158, 0.9899007253650712, -0.10226842507291846, 0.0, 0.2565290005827754, 0.12446411966765476, 0.9584892043081957, 0.0, 34.324615478515625, 80.5311279296875, 28.586254119873047, 1.0]}, "Dummy_Fight_Ctrl_LeftAnkleEffector": {"matrix": [0.716610336472988, 0.036458388278611184, -0.6965202162063906, 0.0, -0.03330762546530746, 0.9992823638941335, 0.018037718703182184, 0.0, 0.6966779943029159, 0.010273418821324938, 0.7173104133635505, 0.0, 68.42286682128906, 10.450519561767578, 25.40310287475586, 1.0]}, "Dummy_Fight_Ctrl_RightAnkleEffector": {"matrix": [0.9844033839312436, 0.10362412814427344, -0.14216897612016421, 0.0, -0.12402107615977406, 0.981914767441039, -0.14304601409819817, 0.0, 0.12477479862892242, 0.15844692975109861, 0.9794517956895898, 0.0, 18.564950942993164, 7.919556140899658, 24.97163200378418, 1.0]}, "Dummy_Fight_Ctrl_LeftWristEffector": {"matrix": [0.004681091473140219, -0.9963364645941457, 0.08539166647078904, 0.0, 0.940937607121197, 0.03329835565476223, 0.33693862796616864, 0.0, -0.33854764345311195, 0.07877098977877162, 0.9376463215315343, 0.0, 66.98780059814453, 86.66097259521484, 43.463130950927734, 1.0]}, "Dummy_Fight_Ctrl_RightWristEffector": {"matrix": [-0.5109155956527359, -0.8570091777677186, 0.06708593996291741, 0.0, 0.030499767460985813, 0.05991922842451069, 0.9977371649136043, 0.0, -0.8590896450916126, 0.5118055834854761, -0.004475087647715306, 0.0, 41.982730865478516, 120.97528076171875, 48.67336654663086, 1.0]}, "Dummy_Fight_Ctrl_LeftKneeEffector": {"matrix": [0.7307408278897236, 0.26357650768622315, -0.6297184029794395, 0.0, -0.07557117695570978, 0.948018837399851, 0.30911046754932686, 0.0, 0.6784591658077663, -0.17829107810254843, 0.7126748570003439, 0.0, 67.4545669555664, 49.223270416259766, 40.508277893066406, 1.0]}, "Dummy_Fight_Ctrl_RightKneeEffector": {"matrix": [0.9940195776766921, -0.08523264335749886, -0.06826767684449062, 0.0, 0.1083179772072621, 0.8489407792991075, 0.5172685656955691, 0.0, 0.013867047601326092, -0.521569697882572, 0.853095982431933, 0.0, 23.10441780090332, 41.48369598388672, 49.16395950317383, 1.0]}, "Dummy_Fight_Ctrl_LeftFootEffector": {"matrix": [0.7166446801510727, 0.03640926355438387, -0.6964874499505314, 0.0, 0.004558739105174165, 0.9983705548608284, 0.05688104328024564, 0.0, 0.6974235587567554, -0.04393860164258357, 0.7153109666269326, 0.0, 76.72899627685547, 4.312104225158691, 33.62750244140625, 1.0]}, "Dummy_Fight_Ctrl_LeftHandEffector": {"matrix": [0.0046806038151835355, -0.9963364789296677, 0.08539152593762828, 0.0, 0.9409376000575359, 0.03329785302226317, 0.33693869736507326, 0.0, -0.3385476698278841, 0.0787710209286328, 0.9376463093917509, 0.0, 67.77086639404297, 78.58387756347656, 44.42441940307617, 1.0]}, "Dummy_Fight_Ctrl_RightHandEffector": {"matrix": [-0.5109154847745169, -0.8570092452426895, 0.06708592241429685, 0.0, 0.030499574277869312, 0.05991932241130904, 0.9977371651745958, 0.0, -0.8590897178912629, 0.5118054594964047, -0.0044752925250346465, 0.0, 46.162315368652344, 127.99304962158203, 48.91793441772461, 1.0]}, "Dummy_Fight_Ctrl_LeftHandThumbEffector": {"matrix": [0.004680846573410501, -0.9963364979608547, 0.08539129057729467, 0.0, 0.9409379333441644, 0.033297923254477224, 0.3369377596841174, 0.0, -0.33854674015469316, 0.0787707505235206, 0.9376466677766162, 0.0, 62.1407585144043, 75.40715026855469, 49.264442443847656, 1.0]}, "Dummy_Fight_Ctrl_LeftHandIndexEffector": {"matrix": [0.004680607259337833, -0.9963364789937698, 0.08539152500091207, 0.0, 0.9409375931761849, 0.03329785753246228, 0.3369387161362671, 0.0, -0.3385476889058497, 0.07877101821130288, 0.9376463027317191, 0.0, 65.62085723876953, 67.46869659423828, 48.364192962646484, 1.0]}, "Dummy_Fight_Ctrl_LeftHandMiddleEffector": {"matrix": [-0.004614585002371981, -0.9966167936993178, 0.08205895515872028, 0.0, 0.9409379239201932, 0.02345401998276659, 0.33776579500506065, 0.0, -0.3385476760133039, 0.07877103187805151, 0.9376463062385825, 0.0, 66.72627258300781, 66.79441833496094, 45.566200256347656, 1.0]}, "Dummy_Fight_Ctrl_LeftHandRingEffector": {"matrix": [0.0008292613907291411, -0.9964651075345047, 0.08400358201763568, 0.0, 0.9409741559383654, 0.02921088931632454, 0.33721560136125117, 0.0, -0.3384773998092438, 0.07876555980628361, 0.937672136947012, 0.0, 67.26707458496094, 67.72940063476562, 42.760154724121094, 1.0]}, "Dummy_Fight_Ctrl_LeftHandPinkyEffector": {"matrix": [0.0046806035463651105, -0.9963364780409896, 0.08539153632130089, 0.0, 0.9409375996291433, 0.03329785638168298, 0.3369386982294076, 0.0, -0.33854767102224337, 0.07877103074896982, 0.9376463081355142, 0.0, 67.43228912353516, 69.01273345947266, 40.09129333496094, 1.0]}, "Dummy_Fight_Ctrl_RightHandThumbEffector": {"matrix": [-0.5109155243457847, -0.8570091813028196, 0.06708643786296829, 0.0, 0.030500221435809112, 0.059919537194391456, 0.9977371324927105, 0.0, -0.8590896713817705, 0.511805541416933, -0.004474851961971948, 0.0, 42.49782943725586, 133.90467834472656, 44.916011810302734, 1.0]}, "Dummy_Fight_Ctrl_RightHandIndexEffector": {"matrix": [-0.5109155077590942, -0.8570091914734055, 0.06708643425740969, 0.0, 0.03050050456394781, 0.05991936422165489, 0.9977371342255519, 0.0, -0.859089671194232, 0.5118055446371971, -0.004474519640028875, 0.0, 48.840660095214844, 139.38821411132812, 47.11344528198242, 1.0]}, "Dummy_Fight_Ctrl_RightHandMiddleEffector": {"matrix": [-0.5105836907456063, -0.8563643111199948, 0.0771003332325335, 0.0, 0.035628265002665735, 0.06852089189490528, 0.9970132968555766, 0.0, -0.8590895887376898, 0.5118056799351687, -0.004474875261472942, 0.0, 51.76969528198242, 138.35787963867188, 47.122310638427734, 1.0]}, "Dummy_Fight_Ctrl_RightHandRingEffector": {"matrix": [-0.5107942672300272, -0.8567554019006381, 0.07112944452904242, 0.0, 0.03263428438338383, 0.06335435299672643, 0.9974573822671076, 0.0, -0.8590833603601703, 0.5118167711891023, -0.004401440882169759, 0.0, 53.503543853759766, 135.91070556640625, 46.817970275878906, 1.0]}, "Dummy_Fight_Ctrl_RightHandPinkyEffector": {"matrix": [-0.5109154981464642, -0.8570091898832434, 0.06708652777881345, 0.0, 0.03050039254437031, 0.05991953977778755, 0.997737127106862, 0.0, -0.8590896808880838, 0.511805526746718, -0.004474704808703489, 0.0, 54.86589813232422, 133.38357543945312, 46.20621109008789, 1.0]}, "Dummy_Fight_Ctrl_Hips": {"matrix": [0.9615379169674805, 0.06786188845284463, -0.26615709332920734, 0.0, -0.09817189198582889, 0.9899007279372173, -0.10226841376148384, 0.0, 0.25652897274530506, 0.1244641029573627, 0.9584892139284915, 0.0, 33.551448822021484, 88.32720184326172, 27.780826568603516, 1.0]}, "Dummy_Fight_Ctrl_LeftUpLeg": {"matrix": [0.7312674324846203, 0.26339612671713797, -0.629182344489863, 0.0, -0.5639480949449118, 0.7523483922503315, -0.340491472560395, 0.0, 0.3836801902566199, 0.6038165094701791, 0.6987096210128303, 0.0, 43.501247016706664, 81.17876048005986, 26.046130816236396, 1.0]}, "Dummy_Fight_Ctrl_LeftLeg": {"matrix": [0.7307407718145776, 0.26357646663771944, -0.6297184852317824, 0.0, -0.07557122184748061, 0.9480188765798006, 0.30911033641218116, 0.0, 0.6784592212036877, -0.17829093045679067, 0.7126748412007664, 0.0, 67.45456286171427, 49.22326878393802, 40.50827699223789, 1.0]}, "Dummy_Fight_Ctrl_LeftFoot": {"matrix": [0.7166103048214232, 0.03645832989965105, -0.6965202518266611, 0.0, -0.03330769308388136, 0.9992823643967433, 0.01803756599667078, 0.0, 0.6966780236272545, 0.01027357710743923, 0.717310382615671, 0.0, 68.4228683977987, 10.450514570191366, 25.403106275865625, 1.0]}, "Dummy_Fight_Ctrl_LeftToeBase": {"matrix": [0.7166446973350111, 0.03640917928536567, -0.6964874366744721, 0.0, 0.004558683991942328, 0.9983705651267236, 0.05688086751103666, 0.0, 0.6974235414594724, -0.043938438209756736, 0.7153109935306569, 0.0, 76.72900462998389, 4.312102288179821, 33.627501703141164, 1.0]}, "Dummy_Fight_Ctrl_LeftHandPinky3": {"matrix": [0.004680637572013948, -0.9963364692360811, 0.08539163719064718, 0.0, 0.9409376566982504, 0.03329790908410956, 0.3369385336494355, 0.0, -0.33854751193757865, 0.07877111983973589, 0.9376463580903353, 0.0, 67.82551055684466, 70.9200281430183, 40.16631913451572, 1.0]}, "Dummy_Fight_Ctrl_LeftHandPinky4": {"matrix": [0.004680637572013782, -0.9963364692360811, 0.08539163719064716, 0.0, 0.9409376566982504, 0.03329790908410939, 0.33693853364943543, 0.0, -0.3385475119375786, 0.07877111983973592, 0.9376463580903353, 0.0, 67.4323043710095, 69.01273428857266, 40.09129254964181, 1.0]}, "Dummy_Fight_Ctrl_LeftHandThumb1": {"matrix": [0.004680571880328958, -0.9963364788429023, 0.0853915287004512, 0.0, 0.9409376741941293, 0.033297806796100754, 0.33693849489886457, 0.0, -0.3385474642188534, 0.0787710415666598, 0.9376463818953752, 0.0, 65.80479507022642, 84.70621812748439, 46.38867026348098, 1.0]}, "Dummy_Fight_Ctrl_LeftHandThumb2": {"matrix": [0.00468080570207901, -0.9963364674024352, 0.0853916493693365, 0.0, 0.9409376566103349, 0.033298070697345764, 0.33693851792350227, 0.0, -0.3385475098573776, 0.07877107471572847, 0.9376463626322549, 0.0, 64.27435964744626, 82.06029472841884, 48.064531241463, 1.0]}, "Dummy_Fight_Ctrl_LeftHandThumb3": {"matrix": [0.004680779595666018, -0.9963364718521203, 0.08539159888212713, 0.0, 0.9409376660113267, 0.03329802698452292, 0.33693849599013664, 0.0, -0.33854748408980123, 0.07877103691209908, 0.9376463751117788, 0.0, 62.807769462330754, 78.25543405976023, 49.18386853863712, 1.0]}, "Dummy_Fight_Ctrl_RightUpLeg": {"matrix": [0.9940161606807606, -0.08507990083094144, -0.06850753812594407, 0.0, 0.04811293954468013, 0.9040690736273701, -0.42466958351042594, 0.0, 0.09806639258099825, 0.4188323299187229, 0.9027527136824368, 0.0, 25.147982013814683, 79.88348345600839, 31.126375476096875, 1.0]}, "Dummy_Fight_Ctrl_LeftHandRing1": {"matrix": [0.004680595403690806, -0.9963364735315334, 0.08539158938335305, 0.0, 0.9409376747451258, 0.03329784922197125, 0.33693848916742497, 0.0, -0.33854746236222644, 0.07877109081343919, 0.9376463784285406, 0.0, 68.30900636853238, 76.44287855487104, 42.57583997372718, 1.0]}, "Dummy_Fight_Ctrl_LeftHandRing2": {"matrix": [0.000829064015614636, -0.996465100642039, 0.08400366572542749, 0.0, 0.9409742204564174, 0.02921071759298726, 0.3372154362038315, 0.0, -0.33847722093118127, 0.07876571068779921, 0.9376721888434947, 0.0, 68.02003684206267, 73.2188238220968, 42.67904569799696, 1.0]}, "Dummy_Fight_Ctrl_LeftHandRing3": {"matrix": [0.0008292335487001373, -0.9964651028013017, 0.08400363843853952, 0.0, 0.9409742133904584, 0.029210868938754464, 0.33721544281075105, 0.0, -0.3384772401594084, 0.07876562724332274, 0.9376721889120079, 0.0, 67.75546727686596, 70.26699574459477, 42.77353706558311, 1.0]}, "Dummy_Fight_Ctrl_LeftHandRing4": {"matrix": [0.0008292335487001045, -0.9964651028013017, 0.08400363843853952, 0.0, 0.9409742133904584, 0.029210868938754447, 0.3372154428107512, 0.0, -0.33847724015940855, 0.07876562724332276, 0.9376721889120079, 0.0, 67.26708503523862, 67.72940457258265, 42.760155678921464, 1.0]}, "Dummy_Fight_Ctrl_LeftHandPinky1": {"matrix": [0.004680606774120324, -0.9963364758168786, 0.0853915620950265, 0.0, 0.9409376781012359, 0.033297849862585854, 0.3369384797318106, 0.0, -0.33854745287726096, 0.07877106163643721, 0.9376463843043323, 0.0, 68.28223987016355, 76.54117665765311, 40.131454770278665, 1.0]}, "Dummy_Fight_Ctrl_LeftHandPinky2": {"matrix": [0.004680603888208571, -0.996336475551788, 0.08539156534625326, 0.0, 0.9409376661570623, 0.03329785103816441, 0.3369385129710478, 0.0, -0.3385474861140495, 0.0787710644925023, 0.9376463720638905, 0.0, 68.05149474144785, 73.50593221882212, 40.156068023723776, 1.0]}}